name: posttranslational
channels:
  - conda-forge
  - defaults
dependencies:
  - biopython=1.81=py312he70551f_1
  - bzip2=1.0.8=hcfcfb64_5
  - ca-certificates=2023.11.17=h56e8100_0
  - intel-openmp=2023.2.0=h57928b3_50497
  - libblas=3.9.0=20_win64_mkl
  - libcblas=3.9.0=20_win64_mkl
  - libexpat=2.5.0=h63175ca_1
  - libffi=3.4.2=h8ffe710_5
  - libhwloc=2.9.3=default_haede6df_1009
  - libiconv=1.17=h8ffe710_0
  - liblapack=3.9.0=20_win64_mkl
  - libsqlite=3.44.2=hcfcfb64_0
  - libxml2=2.11.6=hc3477c8_0
  - libzlib=1.2.13=hcfcfb64_5
  - mkl=2023.2.0=h6a75c08_50497
  - numpy=1.26.2=py312h8753938_0
  - openssl=3.2.0=hcfcfb64_1
  - pandas=2.1.3=py312h2ab9e98_0
  - pip=23.3.1=pyhd8ed1ab_0
  - pthreads-win32=2.9.1=hfa6e2cd_3
  - python=3.12.0=h2628c8c_0_cpython
  - python-dateutil=2.8.2=pyhd8ed1ab_0
  - python-tzdata=2023.3=pyhd8ed1ab_0
  - python_abi=3.12=4_cp312
  - pytz=2023.3.post1=pyhd8ed1ab_0
  - setuptools=68.2.2=pyhd8ed1ab_0
  - six=1.16.0=pyh6c4a22f_0
  - tbb=2021.10.0=h91493d7_2
  - tk=8.6.13=h5226925_1
  - tzdata=2023c=h71feb2d_0
  - ucrt=10.0.22621.0=h57928b3_0
  - vc=14.3=h64f974e_17
  - vc14_runtime=14.36.32532=hdcecf7f_17
  - vs2015_runtime=14.36.32532=h05e6639_17
  - wheel=0.42.0=pyhd8ed1ab_0
  - xz=5.2.6=h8d14728_0
  - pip:
      - networkx==3.2.1
      - perseuspy==0.3.9
prefix: C:\Users\retzl\miniconda3\envs\posttranslational